==area:4==
@collision:B(205,148)
0,0,0






,,1,1,1,1
,,1,1,1,1
@event:B(208,149)
0
0,0
0,0
@tiles0:B(207,155)
0,0,0,0
0,0,0,0
@tiles1:B(205,147)
1238,1239,1238,1240,,,,,,1300
0,0,0,1079,1141
,,,1272,1238
,,,1046,1047,-1046
,,,1272,1239,-1272



,1048,1048,1048,1048,-1046
,1080,1141,1306,1144,-1079
,1141,1141,1141,1141,-1143
@tiles4:B(206,148)
,,-1307,1275,-1339
,,1339,1275,-1339
,,-1307,1275,-1339
,,1339,1275,1307
,,1339,1275,1307
,,1339,1275,-1339
,,1339,1275,-1339
0,,1339,1275,1307
0,,1339,1275,1307